0.0 0.0 0.0 0.0 0.0 0.0 0.0 0.0 0.0 0.0 0.0 0.0
0.9999341794915155 -0.006755341407658145 0.009273728866828923 0.14629273040697127 0.006682615024094883 0.9999468515304536 0.007850908913822521 -0.044937319548290805 -0.009326271552405924 -0.007788419403150906 0.9999261778662121 0.9882201547944103
0.9997629448632802 -0.011659898016229856 0.0183875190429055 0.25213856096542264 0.011488563418553394 0.9998898556208103 0.009396251229796147 -0.11831219809496368 -0.018495053092109987 -0.00918277762154194 0.9997867820721945 2.139600977668198
0.9994415648340794 -0.01467059638305569 0.03002219318725401 0.3077967924242336 0.01429066347836493 0.9998155573118702 0.01283075580405784 -0.1894992154784031 -0.03020489065292988 -0.012394553599089968 0.9994668777011694 3.304088760540888
0.9988845515161822 -0.020323800643122496 0.042621542319988624 0.3866009121332416 0.019751075693909607 0.9997094668707581 0.013815819118637815 -0.329373354527516 -0.042889949303413936 -0.012958586975596001 0.9989957593865687 4.416890706951871
0.9982690880089096 -0.02069248142616977 0.05505133184844615 0.5073579983027303 0.020025132855684538 0.9997194908835432 0.012646485743573108 -0.4012370509453346 -0.0552975766193448 -0.011522185555606928 0.9984034341187186 5.634063979820387
0.9974033254555154 -0.014432281764908699 0.07055717974336582 0.5895405308279991 0.013337211708165793 0.9997835651639685 0.015966891114979457 -0.4300883777267701 -0.07077234738321822 -0.014984394251498268 0.9973799390276431 6.57959361807217
0.9963821725353723 -0.014981000403144824 0.0836548616675219 0.7969774005228192 0.013560447151586478 0.9997544886635062 0.0175236032317017 -0.47855122601574007 -0.08389684455770831 -0.0163258085280351 0.9963406984807788 8.058299943845412
0.9952144694035229 -0.016661957610640713 0.09628363858125126 1.0080458545186528 0.01503693114531463 0.999732406696029 0.01757855806084285 -0.45419233474589155 -0.09655076691355084 -0.016046624889633963 0.9951987013848327 9.164459934243572
0.9939116824199773 -0.024415327188929775 0.10744049212167496 1.2613886087017492 0.022565928746307126 0.9995760996781652 0.018395646550330637 -0.5046744094453222 -0.10784408379186472 -0.015859153522356412 0.994041317471587 10.215063253423237
0.9922528703039352 -0.03074432873722768 0.12037037685451996 1.5273293598938271 0.0282924372870783 0.9993569845016912 0.022026246163274858 -0.5020728030339402 -0.12097015898955597 -0.018450034639151642 0.9924846683228191 11.229822746423793
0.9906917700398072 -0.03520601075888088 0.13149278908685266 1.495234116073049 0.03204987161865891 0.9991469266682388 0.026042746756872494 -0.686749619798957 -0.1322974773176769 -0.021586007872251033 0.9909749854358175 12.321542619381395
0.9887566408521854 -0.03365259450611385 0.14569765973998994 1.6117184770693862 0.030198638989139548 0.9992094905004637 0.025854135007949506 -0.7394746647649431 -0.14645254307763395 -0.0211635766545481 0.9889912818873994 13.09899535469852
0.9866172403273562 -0.026886679615245046 0.1608214150792733 1.7757046499752724 0.02236865368113969 0.9993044101522769 0.029838551953879355 -0.8162338635643934 -0.1615118089222142 -0.025841871245681367 0.9865323782163444 14.316044126169519
0.984626096736207 -0.030469462759154756 0.1719972716794979 2.0362842165414134 0.025810070064326167 0.9992384966080983 0.029262043326857327 -0.8315437335235727 -0.17275789391312024 -0.024372909870528033 0.9846627195924229 15.186797102071449
0.9821906701285152 -0.04076030967850339 0.18341233510157362 2.237683259547663 0.03535042130328104 0.9988408151142221 0.03267068679469873 -0.8832101266625991 -0.1845313936060196 -0.025605140438384313 0.9824930236683368 16.07391837200392
0.9799432571665466 -0.04145808267816363 0.19491649523442375 2.510160976958469 0.0356721886725384 0.9988151548695049 0.03310258839301612 -0.8727139032523008 -0.19605791922065072 -0.02548556029710294 0.9802610767174283 17.023369998561545
0.9780301996799011 -0.04350710796028497 0.20387265650652128 2.729346824303088 0.037471486699733485 0.9987402371483697 0.033374037594063925 -1.1043412290367742 -0.2050678331640664 -0.025001405115522905 0.9784283895838493 17.978359667323744
0.9760404750514255 -0.03945312214650501 0.21398234089354604 2.8806796621453055 0.03322537684274282 0.9989152779367785 0.03262425230018495 -1.100025687703725 -0.2150373581381763 -0.024732946799389307 0.9762925872644801 18.93700675781256
0.973436303743935 -0.04699739835708662 0.22408258991053334 3.119998736089449 0.03946402638422319 0.9984988478085234 0.037982121407266534 -1.1922281479288324 -0.22553126872984158 -0.02812997463056809 0.9738297342720604 19.896910347043683
0.972016633815993 -0.04833529006891334 0.22988554395390096 3.3760796859456645 0.04059765705158214 0.998442292221358 0.03827295841298432 -1.2792600263278175 -0.2313773840005734 -0.027869137728211115 0.9724648154742348 20.86752382505948
0.9785143579824097 -0.052905603188656204 0.19927530798751328 3.404411640971298 0.046285296414489384 0.9982151463613121 0.03773848050315596 -1.313273454337114 -0.20091620780339356 -0.027704128322486143 0.9792166045956304 21.50668117195811
0.9866323726753751 -0.05341030137405637 0.15396071218364119 3.2662171021055477 0.04782216721348514 0.9980635707612637 0.039776237155883624 -1.5581961691419883 -0.15578703897297327 -0.03188178831885421 0.9872760252642749 22.674900740208244
0.9935987350404343 -0.05574859924880326 0.09825297658517573 2.751362486581645 0.05215688334747593 0.9978866316433489 0.038754740445114295 -1.828192886345906 -0.10020585434757931 -0.033382092044790444 0.9944065681023959 23.519703113424175
0.9971771870688636 -0.054311575314142956 0.051845061252990945 1.9260526888537444 0.05213793262013399 0.9977395318546616 0.042396492266909294 -2.181308879991045 -0.0540304874263445 -0.039573720590008105 0.9977547930564582 24.046976682384688
0.9986404052438247 -0.04927580410677437 -0.01700694399594423 1.3540041474844338 0.04993917391821032 0.9979071800777904 0.041077230402713764 -2.1801354009860043 0.01494723796616129 -0.041870694749690456 0.9990112236598553 24.740205710330436
0.9965060544910097 -0.03396423979578223 -0.07630277699963468 1.2316478232541166 0.03693149612523482 0.998601911644799 0.03781913078461087 -2.0214881717476216 0.07491160094880607 -0.04050496851555832 0.9963672011707534 25.70616158142265
0.9900434188771599 -0.02296359384665807 -0.1388765714426652 0.7664616902876813 0.027988594919695554 0.9990182558483168 0.03433894343463123 -2.0104867828221424 0.13795168463069155 -0.03788400506059585 0.9897141682668408 26.55217108361053
0.980478940660433 -0.023526724317910763 -0.19521152671976924 0.033600082990786984 0.03102045665598481 0.9988909843600561 0.03541938216641541 -2.264075417658675 0.19416173204380188 -0.040783509008732434 0.9801213839125678 27.32291743745168
0.966035470724478 -0.013792260254979127 -0.2580411650477379 -0.4056354858779803 0.023551972107055816 0.9991178060785955 0.034769443288048776 -2.24840296378728 0.2573339734897131 -0.03966589383527393 0.965508075033164 28.047495366859753
0.9476765382758389 -0.0082666476380285 -0.3191251186264565 -0.9228238977689236 0.020504487982738982 0.9991766806473517 0.035007525235362005 -2.2628285620594983 0.3185729818645769 -0.0397193074885174 0.9470658012189788 28.881443703486305
0.929066442631517 -0.0014552550435322047 -0.36991002609928625 -1.421841061994775 0.016698575755359713 0.9991378470254781 0.03800947525332173 -2.2468270539694957 0.3695357935894168 -0.041490298553379316 0.9282897459210637 29.53662971121753
0.9048858164551536 -0.006187462627925096 -0.4256094154086777 -1.8258952670965245 0.018821890688362326 0.9994979606772028 0.025486526499829527 -2.0328464048966337 0.4252380458157584 -0.03107317023316306 0.9045479879378749 30.478889709499594
0.8745635514434822 0.004514455510854164 -0.4848898990265748 -2.5005272040341806 0.01155772609527932 0.9994785226648802 0.03015131338985079 -1.9743601574589504 0.4847731566970981 -0.03197346435822927 0.8740553095330212 31.24403018731305
0.8391583253518217 0.010544783920989613 -0.5437849874029106 -4.287702446085929 0.003833979477320315 0.9996725104421089 0.02530162974468489 -2.1970716721214854 0.5438737037163064 -0.02331693372699854 0.8388430812777081 31.866061984530745
0.8237150801922312 0.01094988333991117 -0.5668981978439751 -6.2598636627621564 0.0036328029799415915 0.9996910686807641 0.024588004034874433 -2.0862790104133175 0.5669923010115872 -0.022312939177803946 0.8234208300370081 31.528098045435286
0.7892129717680003 0.02060083051741921 -0.6137739738495862 -6.970629434543552 -0.001124432090758628 0.9994839962524382 0.03210104184801807 -2.131905127530798 0.6141185723014685 -0.024644411481053313 0.788828899151876 31.89758387835215
0.7533746104249063 0.02361789487277268 -0.6571673237531656 -7.832390856224062 -0.00467639164831858 0.9995219715269965 0.03056075581421916 -2.220331509881445 0.6575749597789377 -0.0199505257214797 0.7531249224366214 32.30198500298282
0.7178057103328929 0.024070564005954823 -0.6958272559780374 -8.749768467559093 -0.005053764421503534 0.9995560095791123 0.02936397758227945 -2.2248081305505796 0.696225122843655 -0.01756108375687183 0.7176086584334274 32.71012076452782
0.6733182112712333 0.03352230849371933 -0.7385924730213258 -10.84021707697701 -0.012439718952174314 0.9993438460296928 0.03401662527311761 -2.6663788416366097 0.7392481584440352 -0.013716130497801874 0.6732934189499193 32.90658367912687
0.6286852680193125 0.03620347109750292 -0.7768166723596867 -11.555245596534737 -0.01620118326944244 0.9993087053862206 0.03346091750064391 -2.6442164420787777 0.7774910645378215 -0.008451036611405588 0.6288372003500105 33.218768241760166
0.5875896800827778 0.03498199559442071 -0.8084025159810242 -12.567458393618391 -0.015867734339513034 0.99937107574461 0.031712268477522815 -2.7530790978861392 0.8090034504667762 -0.005806285326424778 0.5877752156935169 33.532502358581446
0.5563893339698793 0.04640497433941415 -0.8296249076547255 -13.536862528762045 -0.014354102826555496 0.998827099453945 0.046242676484629944 -3.4313149422671225 0.8307977303631724 -0.013820410738319196 0.5564028463895807 32.45979213510152
0.5089543873570739 0.051892014771582826 -0.8592279385546832 -14.179720258964199 -0.01647978363790858 0.9985857220685185 0.05054673493056734 -3.37071591136804 0.8606357233587465 -0.01156609198645873 0.5090897535748775 32.759106298628936
0.4508674010254405 0.05695558276447078 -0.8907719395471116 -15.391615341441709 -0.016475025480492768 0.9983231183717066 0.05549346682274055 -3.5038239629012247 0.892438883189197 -0.010344704758912715 0.45104969444116816 32.880585113665006
0.41159377306581396 0.06158885407231343 -0.9092839925059198 -16.49164480675527 -0.02545002640105823 0.9981016029345563 0.05608463582526976 -3.3891695711353083 0.9110119988944341 5.721474499152138e-05 0.4123798426170247 32.53438454506955
0.3625171649935963 0.06525025455923526 -0.9296901146968063 -17.508984275483634 -0.027468945748720282 0.9978607866042262 0.059323752216512156 -3.2183180069990205 0.9315721990830659 0.004031728853417147 0.3635340191206242 32.660318444031624
0.30599038008421753 0.07630006949750702 -0.9489721738231273 -19.040479931514277 -0.03654948727063136 0.9969899210377507 0.06837567059554608 -3.3968553295905632 0.9513327610653227 0.013762148953288972 0.30785805329732513 32.17105996899956
0.2882673884903491 0.0806222307810453 -0.9541498669689379 -19.94179028123265 -0.028193746177237793 0.9967317915966113 0.07570236652245424 -3.3111462108946514 0.9571348000200639 0.005078535664402004 0.2895983132997479 32.5861437019394
0.2998278965547919 0.08157637582840375 -0.9504990938208373 -20.453158096826186 -0.027862705531687824 0.996661045942478 0.07674913120873726 -3.2812184229056314 0.9535863369868425 0.003471945786544398 0.3010997235210835 32.731178957098926
0.30976212000371434 0.07841593479177102 -0.9475749944893744 -21.451775683642378 -0.018431172798208224 0.996901304001646 0.07647275298494437 -3.356944144071613 0.9506354300572265 -0.006223443624440146 0.3102475590062998 33.11175813091153
0.3230968733672218 0.08086729456058496 -0.9429044973329894 -22.275554360287046 -0.014359012105238789 0.9966466394240663 0.08055615988906806 -3.2979145833714654 0.9462569572751832 -0.012488266299337743 0.3231745875113807 33.36031776218636
0.33491163734883433 0.08363592079360056 -0.9385303553542262 -23.334053502005585 -0.014757029411413677 0.9963962778765443 0.08352656772976896 -3.3389303425824983 0.9421339741519116 -0.014124099503036667 0.33493892661492203 33.814585159297295
0.34876603293624053 0.0841812611830609 -0.933421539035578 -24.218732383073764 -0.013500765449336384 0.9963058373979968 0.08480806387929639 -3.34511091707801 0.9371125778700233 -0.016976266736305923 0.348614145962983 34.2076036159342
0.36113481885459614 0.08103979148861447 -0.9289855729807329 -25.0987255309152 -0.011695447003052195 0.9965318946310692 0.08238567534715786 -3.3218764952865807 0.9324402710792032 -0.01888743440731158 0.3608301618369148 34.59866066903587
0.3746187623629885 0.07867868304114524 -0.9238346430614809 -25.923220131216038 -0.010617528473904903 0.9966917442065722 0.08057813052909309 -3.3204415123846176 0.927118142943352 -0.020377238904445562 0.37421480082955577 34.98454195814865
0.3868467899114844 0.07714498186181207 -0.9189114282174973 -26.9230495132203 -0.013888306552021494 0.9968688923201499 0.07784296028229913 -3.2832276600397745 0.9220394113465529 -0.017351175693172554 0.38670694411371676 35.502788137052725
0.39678384310500087 0.07542220373785015 -0.9148082165318328 -27.78117163011337 -0.0128693681514695 0.9969777045986756 0.07661485428123335 -3.224800624932273 0.9178218570148614 -0.01862653259409848 0.396555281227365 35.992399648656715
0.4112705974432573 0.07642187167603282 -0.9083040202532411 -28.564344887786195 -0.013088570917508102 0.996871560289288 0.07794730013112931 -3.2570892491725183 0.9114193244549976 -0.020169031110275 0.410984215261451 36.49940111539901
0.42518833269501943 0.079147675915019 -0.9016376917239441 -29.462896902153624 -0.012603045381652614 0.9965904184498834 0.0815395677017545 -3.288427126135716 0.9050171517640635 -0.023306292093175134 0.42473612015195006 36.93532675799513
0.435827844654228 0.0770465778803203 -0.8967262205717993 -30.33353546401167 -0.010799885644083114 0.9967051556151287 0.08038778041649919 -3.1327019211530898 0.8999652506036693 -0.025350692439233005 0.43522395395787694 37.60367952521949
0.43467487843861297 0.07103550241007342 -0.8977815477340385 -31.52968819289338 -0.005267043297737075 0.997067837301945 0.07634124752004375 -3.1161954099904885 0.900572045040972 -0.028454968201801687 0.43377448804114616 37.916658805978855
0.4011403682095325 0.07326697082621282 -0.9130817904101862 -32.16073643083459 -0.004016884207416916 0.9969272350095094 0.07823012678983511 -3.1283446770644026 0.9160077890684043 -0.027713518041573317 0.400202063067865 37.97631751794167
0.3577601665549176 0.07492039764212906 -0.9308032000609701 -33.22345404905566 -0.003485554727219942 0.9968765254295308 0.07889894774827337 -3.177842789938677 0.9338070004743176 -0.02498253519334501 0.35690385091852517 38.00596160676556
0.30140777908590344 0.08200369441978432 -0.9499624965271047 -33.88427629458725 -0.009595395053862388 0.9965052708272559 0.0829769462396197 -3.103275121880881 0.9534470510208024 -0.01589463164088206 0.30114129837127585 37.88442774665641
0.24772014031382578 0.08634671489774291 -0.9649761535443591 -35.524292099762256 -0.012995863036570849 0.9962270256935065 0.08580688096999461 -3.214309960434261 0.9687444655980411 -0.008715394668758666 0.24790764866969126 37.32499286863613
0.19446851157009304 0.08532283045281237 -0.977190878289003 -36.21700339657105 -0.015927705629009744 0.9963530856116918 0.08382623089135637 -3.13526560858904 0.9807794381006921 -0.0007371536992312365 0.19511829848406298 37.09662212156966
0.13368800063313296 0.09551394737534519 -0.9864099575447802 -37.24664182334367 -0.020804212482749152 0.9953958393988711 0.09356445719600778 -3.0934289453428643 0.9908050783225171 0.008013037139003639 0.13505957206403857 36.79075706992229
0.07043335187632213 0.09455736127688022 -0.9930246967582527 -38.4851566396832 -0.02293870981750625 0.9953873112132102 0.09315533408044066 -3.0244423774194074 0.9972527054540264 0.01621746293611192 0.07227748861534704 36.53383701637019
0.018507121718329748 0.0946881782516143 -0.9953349362627103 -39.30511113491235 -0.022786046870047115 0.9952868247015559 0.09425992066368728 -3.003656790356699 0.9995690483972278 0.02093526868419579 0.020577463677083706 36.17303535233149
-0.0384369660128126 0.10447339775722073 -0.9937846390465044 -40.445508378734345 -0.02267632296577882 0.994172257624565 0.10539120715895293 -3.0669477947001345 0.9990036956991112 0.02658629968106787 -0.03584389276832032 35.41120679941651
-0.10861448138041789 0.10763304454066983 -0.9882398606397985 -41.32871468081587 -0.023456534865243718 0.9935668505614144 0.11079126516825054 -3.2548813047626877 0.9938071671137111 0.03521421855405232 -0.10539104992858135 34.50062759717257
-0.1642775793848829 0.10864032612777086 -0.9804132579939413 -42.1786740745101 -0.02470949923768215 0.9931513441572275 0.1141921549236589 -3.26439276659622 0.9861046179583928 0.042984731446618456 -0.16046805072535517 34.104973205047955
-0.2176023332899636 0.10767703306209007 -0.9700798323322206 -43.14712498252114 -0.02556123432339193 0.992926474957119 0.11594670598636167 -3.156237878819648 0.9757027456385627 0.05002671166655986 -0.21331075986269896 33.3444619639307
-0.2748993682573437 0.11545519073687038 -0.9545158124743804 -44.28430186720317 -0.0179441074448357 0.9919750401288419 0.12515402018866295 -3.132617902035258 0.9613055426552594 0.051532695381566206 -0.2706215715108248 32.61461347313531
-0.33292110446133827 0.11577753895434813 -0.9358200145743399 -44.59575680258156 -0.018848540886014554 0.9914183488126779 0.12936147086364203 -3.122850416342329 0.9427662863672588 0.060706005561323086 -0.32788185399328945 32.34503270337787
-0.37931844411851434 0.11488666088217075 -0.91810597051912 -45.35085083725996 -0.016317347425192745 0.9912765453008943 0.1307843832776793 -3.1571981322625664 0.9251222957666279 0.0645899828739936 -0.37413483129457636 31.553779842522463
-0.41759838742054645 0.1099823469552476 -0.9019509244864579 -45.79648442860746 -0.018973276937615167 0.991375512656267 0.12967115202605986 -3.0824607020222903 0.9084335977857758 0.07126342865546728 -0.4119100898864436 31.118382302642203
-0.4520808520059074 0.11130184945094648 -0.8850055375862984 -46.71179049486783 -0.01786252269661748 0.9908556536233135 0.13373856573786766 -2.941296538138557 0.8917980901148682 0.0762690762465913 -0.4459587362929047 29.966473497703348
-0.47788912512575726 0.11100310578081676 -0.8713783877246167 -47.417454942658644 -0.018112142847997646 0.990527533536216 0.13611449440859563 -2.9223652939248157 0.8782334167907715 0.08083016648298526 -0.471351832306123 29.11395713973223
-0.4972947081776353 0.10611908542501569 -0.8610671941997791 -48.288585142237416 -0.019368840578438233 0.9908858775454158 0.13330425985575842 -3.092482504546329 0.8673654484893715 0.08296937621558435 -0.49070689966336095 28.328413604547027
-0.5037369869400875 0.10502997273478364 -0.8574483965906369 -49.21166876634349 -0.01913668399280858 0.9909809906115893 0.13262904497969286 -3.087854333493928 0.8636450864297687 0.08321887450450793 -0.49718385292758643 27.880665848869615
