0.0 0.0 0.0 0.0 0.0 0.0 0.0 0.0 0.0 0.0 0.0 0.0
0.9858282537559091 0.1576571825242562 -0.05733120350286308 0.38104239981994864 -0.15094917063604657 0.982747318557301 0.10687401813689534 -0.6003309393814428 0.07319154309661158 -0.09670532905144841 0.9926182938834986 -0.7031425550774528
0.9768185497965772 0.08215830303836959 0.19767532475037436 -1.029471161128451 -0.15469829064458226 0.909195575931571 0.38656415195683214 -1.3923035744034773 -0.14796607599363634 -0.40818306915931163 0.9008288530052361 -0.7062968962710251
0.9839912620920634 0.0642221977393219 0.16624291095862692 -0.8868570888876394 -0.12633144628266835 0.9093121755623748 0.39647412658854736 -1.0301873246137032 -0.1257042632793159 -0.4111287835843577 0.902868518391161 0.06120495747004073
0.9896546228969312 0.07316311327099212 0.12341347671638982 -0.7791646793046709 -0.11785999999490414 0.9050914683821102 0.40855654965147475 -0.6902374247594832 -0.08180921573962148 -0.418875390442567 0.9043509603586735 0.8428361684209464
0.9932998984477348 0.0700380823649247 0.09192376603665224 -0.5925802140003902 -0.10361506674742192 0.8919964121110604 0.44000718030950714 -0.1744982958409692 -0.051178410356754384 -0.44658377467127075 0.8932769461447638 1.5058167152509854
0.9843022392532044 0.029083711207505202 0.17407825695222143 -0.4321574129163036 -0.10462980032139699 0.8904740975834834 0.44284137839364784 0.19984275733400125 -0.14213270800850014 -0.454103533652052 0.8795386711446461 2.2636739373271757
0.9479020392502069 0.14975960248678824 0.28116505018991295 -0.8661457746059045 -0.28199323388798464 0.805052181768271 0.5218915602608877 -0.5015404180211152 -0.1481942644864942 -0.5739887159981005 0.8053417994120003 2.575058387642796
0.5587941636803587 0.8142767703729926 0.1571700476162635 -0.5100312421524069 -0.3929579847630496 0.09308668787538835 0.9148327118940118 -0.7219343784140736 0.730296586906805 -0.5729644053266492 0.3719928566262376 3.3625444175257018
0.5565128603618055 0.8227482639217466 0.11566646214731084 -0.08243339455279908 -0.3732033803088216 0.12316378079235463 0.9195378839542183 -0.21400960462700935 0.7423022788446684 -0.5549017726721434 0.3755946611805374 3.9726868026234694
0.552539365603707 0.831479199723594 0.057815135434128716 -0.0031999971722170145 -0.30576045672804336 0.13767868941295644 0.9421014391152309 0.6141118312521916 0.7753778385791722 -0.5382257137192024 0.33030635557273813 4.331952875208717
0.3282470366855524 0.916749069280214 0.22765110779659561 -0.5471588486375528 0.5292274145776278 -0.3781128922861794 0.7595715794752053 0.7757333110676068 0.7824143573367182 -0.1288479129083764 -0.609283176177157 5.047242484373976
0.83608433050355 0.5361552152680071 -0.11619198521131317 -0.8744395347826714 0.46580037174591604 -0.5819006198373928 0.6666495948504156 0.4358704529700963 0.28981546882075393 -0.611497550096301 -0.7362592887416974 4.259184013619438
0.8441794195264282 0.5146607164906127 -0.14995150732617105 -1.004001663608654 0.4704316009904648 -0.577138567291592 0.6675366528769452 1.0694542023813842 0.257012093951953 -0.6340626318006615 -0.7293211655481098 3.5806719145884953
0.7900091987569733 0.5705396734136987 -0.22443249974180282 -1.191552978020398 0.5786415982736669 -0.5728740822483366 0.5805076973093646 1.8404304457738792 0.20263110972073825 -0.5884724011787805 -0.782713783208284 3.0592947574810614
0.7780474618098911 0.5792080015901516 -0.24322877721422786 -1.6652317236053515 0.5905610601408247 -0.5423611525798235 0.5975633978228827 1.6834409659532361 0.21419566152592334 -0.6085741294749817 -0.764040409610148 2.2470313624618905
0.7652342848050033 0.5920771627164683 -0.25270758348057415 -1.8750536207464186 0.6074712580750352 -0.5342197560336985 0.587867266375691 2.291009561563703 0.2130613995347481 -0.6033687808073235 -0.7684731318500219 1.5112165997449858
0.7769787125529563 0.5860162786925909 -0.22997608864148836 -2.136856579556559 0.5898603107026859 -0.5500776072595296 0.591167860974664 2.87280213369488 0.21992929340421669 -0.594978610623039 -0.7730663353191642 0.7662309592312003
0.8186219189675371 0.5473231924168552 -0.17405595889979755 -2.478327334172312 0.5245547428076331 -0.5890978022534659 0.6146593375018008 3.377007058195925 0.23388132799332503 -0.5944754851318613 -0.7693493497711681 -0.002395830648678987
0.8041391329320053 0.5725075865700259 -0.15998536872828695 -2.6914543306880923 0.5369196788131309 -0.5840273779329695 0.6087932985241732 3.9673035766542983 0.25510294665205935 -0.5754538080024392 -0.7770298587988308 -0.7626517720408506
0.8977635156489011 0.06072456931477766 -0.4362719297081329 -3.670857276450662 0.021207490216476856 -0.9952619064324744 -0.09488930373397614 4.313281649148517 -0.43996694458611285 0.075935922236681 -0.8947976438198878 -0.6516163152273224
0.6660764394647283 0.4188021258710518 -0.6172090052452872 -4.241014820354439 -0.26737496484597045 -0.6384303398663674 -0.7217460282618344 5.10551990738652 -0.6963137259623726 0.6457642607825289 -0.3132662039422542 -1.0291446637465236
0.2308826980191653 0.7638183383387193 -0.6027227602910565 -5.253812086366533 -0.7152443175782756 -0.28672662128364723 -0.6373487356379146 5.263002255292828 -0.6596353128262417 0.5782468250364592 0.48011651024296287 -1.173351833999394
0.23739844450861308 0.7680565173095053 -0.5947530283767246 -5.882372863097654 -0.7058102143378806 -0.2842887117044791 -0.6488542746516512 4.61207285608245 -0.6674383266498871 0.5738197579517488 0.47461243715582846 -0.692162111263352
0.33741180802866794 0.7391907500293755 -0.5828810400706429 -6.3170270971931 -0.6751869565892382 -0.24142969977204234 -0.6970181301226978 3.7965060207702668 -0.655954148896539 0.6287358230123308 0.41763072133934837 -0.30574060450192947
0.29349876263737845 0.7619499368265131 -0.5773134071718763 -6.710097509860433 -0.6799103414457052 -0.2581403950613144 -0.6863566594947349 4.296465740296332 -0.6719973243440095 0.5939661860810456 0.4422937551750293 0.4628930057096899
0.2088868362857053 0.8315956863134079 -0.514601694644977 -7.235172478257352 -0.6682135440811539 -0.26284134807363385 -0.6959921588993208 3.5516420905332127 -0.7140426801900909 0.48924742232102697 0.5007794031499114 0.8353828521237002
0.2598618126285406 0.8128768726510895 -0.5212514059898492 -7.359555875684701 -0.6218085814267352 -0.2721289322840233 -0.7343704326006247 2.863929045029364 -0.7388003291833843 0.5149534290816451 0.4347378974457786 1.5020503672241752
0.22056484432298712 0.7437320418772903 -0.6310418364370254 -7.439039452760994 0.854501369433525 -0.45929411823008026 -0.24264443656404122 2.0856224439718707 -0.4702962460885729 -0.48570728102870003 -0.7368241839616185 2.065327630551469
0.26225527587252306 0.7449355303446876 -0.613427441436317 -7.915517392349761 0.8562470569277388 -0.47279880668599905 -0.20809196500316512 1.9781690451224945 -0.4450428606096376 -0.47067222567980044 -0.7618428369381803 1.2454598732131534
0.272179454686524 0.7484469796693826 -0.6047689336187211 -8.491722150806428 0.8554163945766846 -0.4760202710818118 -0.20412617031782676 1.785540369340263 -0.4406598873688976 -0.4617703110237597 -0.7697967546833722 0.5448702783266194
0.2929789546530665 0.7173094675458811 -0.6321633174263125 -9.061991494785195 0.8546184495143405 -0.4929285717332939 -0.16324438403411626 1.624370490426509 -0.4287081033525007 -0.49243126519141955 -0.7574436026410682 -0.15073796440052978
0.0413746967037347 0.11007141673187082 -0.993062141908205 -9.309640320722018 0.8449406381272991 -0.5343204231106881 -0.02402089689931246 0.8306272293585393 -0.5332573979924744 -0.8380847025602227 -0.11511115854182001 0.11132574983952387
0.019511353713687615 -0.009007489158245494 -0.9997690594408905 -9.832310866729967 0.8326416075621506 -0.5534049152213251 0.0212356578705571 0.2494642126283746 -0.5534683915388254 -0.8328636532758193 -0.00329766879495794 0.465408553016726
0.06276263829312581 -0.016986341293526552 -0.9978839188221972 -10.639591739811138 0.8392089562733753 -0.5402655823080437 0.06197925688407553 0.22849784608992216 -0.5401751372888572 -0.8413231036782554 -0.019653403576782483 0.46318889505308247
0.0838251769533065 -0.007063763243296924 -0.9964554395243109 -11.417593457816738 0.8363236644537132 -0.5431908964159173 0.07420497507300973 0.275323041911954 -0.5417896898091162 -0.8395795098141196 -0.03962548065102348 0.46318073739525556
-0.1692988171144128 -0.3644632069783528 -0.9156989031787224 -11.744496505290082 0.8757216224139146 -0.48189010702128704 0.029892554118945463 -0.32196141893446684 -0.45216097859103266 -0.7968365550814479 0.4007517360231013 0.7372905982339992
-0.21583953117196342 -0.26543222270900335 -0.9396589976854502 -12.33697170594493 0.8289182968741187 -0.5584152538914677 -0.03266284324180155 -0.3273704981207482 -0.5160501466822539 -0.7859504687759198 0.3405497125826644 1.1068262846748993
-0.45028111756462785 -0.8639782199376163 -0.2253631527960575 -12.63926507638736 0.8682428802582566 -0.36478709778260704 -0.3362806479299527 -0.8676537452495714 0.2083295851423771 -0.3470907788529865 0.9143996802217458 1.3881266822403981
-0.32758493586136506 -0.8870575482058307 -0.3252952750467909 -12.707566490302835 0.9328908431942892 -0.24913169022473622 -0.260092436664377 -1.0126930653301707 0.14967559747985573 -0.38866734760824484 0.9091396528708989 1.9810424182912425
-0.3189046916641278 -0.8515457392275363 -0.4161365781063209 -12.51567514586478 0.945329350160795 -0.3173761823685669 -0.07499852391695233 -0.9730681807726062 -0.06820716501346681 -0.41730350210438544 0.9062039338759454 2.4756232043389463
0.4847206695741328 0.19756862710037 -0.8520636772408958 -12.697613255661478 0.313610391432173 -0.9486419829312931 -0.041556113941810656 -0.7002891585339401 -0.8165135607406424 -0.24707291596988104 -0.5217859516322539 2.855778026424784
0.47767513053120103 0.2110016446347351 -0.8528216552324615 -13.114448255581442 0.31810010382511067 -0.9464027474207009 -0.05598360135794 -0.7168701808572856 -0.8189253895309714 -0.24454068298748832 -0.5191927009748492 2.6023767680410854
0.4725473424201258 0.22219424566340942 -0.8528356971690049 -13.503310446430433 0.32326028746066254 -0.9439482249364467 -0.06681717735869461 -0.7356160443474926 -0.819879134825692 -0.24411363303470204 -0.5178868008011722 2.3568334619622235
0.5257791139032537 0.30331506688717397 -0.794705161416696 -13.868619591497666 0.35902843701701836 -0.9260987275066354 -0.1159298422482718 -0.8107444641442946 -0.7711387065867111 -0.2243682622605537 -0.595822102723584 2.1047177238436396
0.5627710407592381 0.4005099807895336 -0.7231047717798086 -14.01075999939635 0.4301805523751285 -0.8888906034940947 -0.1575378918804465 -1.0171688543073827 -0.705856535027475 -0.22240784677675438 -0.6725334948172731 1.7762716983688385
0.594379901607917 0.4292264685439772 -0.6800567412104863 -14.30943328052787 0.4363621532199589 -0.882470580714237 -0.17559540259107126 -1.1050916018696273 -0.675500261881373 -0.19238064579147318 -0.7118209629696589 1.4994061302238646
0.6093846290021626 0.4348323097806083 -0.6630016865037033 -14.584096506180343 0.4360986353790689 -0.8821706677538773 -0.1777438977157699 -1.166488215198055 -0.6621694300980755 -0.18081973157136405 -0.7272110219998389 1.2194808850404852
0.28185426360993937 0.13486756672148253 -0.9499310046164 -14.763708500482387 0.9366576823415321 -0.2532316247186866 0.24196307642474021 -1.5038383251844654 -0.2079196003158154 -0.9579584978948522 -0.19769915557622125 1.0909497215469393
0.13833204836158924 0.10761706962580238 -0.9845216151620239 -15.113914866157744 0.9802131718513324 -0.1569901871158029 0.12056624269875678 -1.3581832999813057 -0.14158524684880455 -0.981719230469945 -0.127204443319653 0.9741566192184143
0.11123684601169304 -0.0029571005581747753 -0.9937895248218601 -15.247790650405136 0.9090177660299341 -0.4038415928688106 0.10294983686791322 -1.449913708623668 -0.40163797770046394 -0.9148241489081227 -0.04223400813574832 1.321676491390425
0.12905308611332705 -0.004243738323405114 -0.9916286057036009 -15.61219107681567 0.900502136255225 -0.4182568623240148 0.11898361113466999 -1.3856321365611308 -0.415260404522756 -0.9083188800217199 -0.05015584344505894 1.2547136317517449
0.26496152477820906 0.08917555080470037 -0.9601266122370959 -15.99062217308639 0.9043914394790459 -0.3683654576167031 0.21536716052327184 -1.3962742748464558 -0.3344719937217864 -0.9253943001626465 -0.17825227808434643 1.2912524123151254
0.30189217683560804 0.12507056618129475 -0.9451023579700488 -16.342092035207017 0.9009961404777418 -0.3614103960024889 0.2399759998531882 -1.2964916782887637 -0.3115558832852817 -0.923980453871408 -0.22179506859692547 1.2268271029242341
0.40961157899268585 0.06509925257065376 -0.9099343062385655 -16.687217661015406 0.8543607339964713 -0.3770631292117483 0.357618697489455 -1.3648350614295395 -0.31982196697558124 -0.9238969011225144 -0.21006766894523538 1.082518365679266
0.4488178081712205 -0.04691906028165982 -0.8923907086308479 -16.983414535709674 0.8101398889172811 -0.4000911527865796 0.42848620730077275 -1.185328479176795 -0.3771417975423529 -0.9152735499533411 -0.14155703197768438 0.9234296760195475
0.48976983500359705 0.0023268313439966716 -0.8718486649507727 -17.319101046827754 0.8101455092990759 -0.3707304428833591 0.45411803804963363 -1.030707819947903 -0.3221641855996566 -0.9287375972659904 -0.18345765980603077 0.8517106395800744
0.08841930011946153 -0.7478336339447823 -0.6579717952217465 -17.6632583135051 0.9366831759193932 -0.16227386384967685 0.3103092345723135 -1.2110072430162173 -0.3388313080515777 -0.6437484361551786 0.6861350418334683 0.84474980116727
0.07534306696029645 -0.8032828517533236 -0.5908130688636346 -17.862029722704644 0.9315009544817612 -0.15474327662727627 0.3291815458652281 -1.2989778643860528 -0.355850241057363 -0.5751444848189905 0.7365999100744659 1.1729564826252086
0.035672671391877755 -0.8351334220517463 -0.5488894496052082 -18.11957606870805 0.9381482603263693 -0.1612891581143662 0.30637174987482996 -1.4209981335770834 -0.34439120511762955 -0.5258687810156623 0.7777253519017653 1.459556060930626
0.0354697343817617 -0.8173626954568811 -0.5750305400744824 -18.359030419465167 0.9338821413804991 -0.1777547502320531 0.31026987411044776 -1.2863897143850793 -0.3558174306487243 -0.5480159421453012 0.7570155105419799 1.789830122690122
0.04025113756291125 -0.8111261503374935 -0.5834845449226324 -18.636338817964095 0.9305706985938536 -0.18223915082478137 0.31753278070966057 -1.1377095235391539 -0.36389287000907033 -0.5557546762244475 0.7474748952381063 2.1626475674710486
0.05966601429804306 -0.7865279146528883 -0.6146656051948626 -18.98567904782028 0.9288299872884791 -0.1818232484482949 0.32282373059828295 -0.9492372313383298 -0.3656703726738997 -0.5901814515854329 0.7197020444274419 2.5635517059151356
0.1949530250060754 -0.8520467479208047 -0.4858082516781323 -18.81639547064005 0.49931559777798806 -0.3401057981730337 0.7968763893256549 -0.8406137723830801 -0.844202139215834 -0.39792510024710037 0.359135577096927 3.1121071778609197
0.16075301758447302 -0.8650159860479145 -0.47529549884155464 -19.136924099948182 0.49892086249213385 -0.3442854779652596 0.7953272802012619 -0.2907123296677889 -0.8516081495075013 -0.3649861004802609 0.3762295923350796 3.2668403877077083
0.19422426089901687 -0.8365935578660356 -0.5122383775306967 -19.38941415487392 0.4920450333333556 -0.36865558209346044 0.7886600959623272 0.3412042899269587 -0.848627492867281 -0.4052212737855455 0.3400398471082633 3.357065011201207
0.1907689099584999 -0.8533303494631459 -0.4852159701394353 -19.734911799438155 0.4893207141585355 -0.34584077992645906 0.80059939647444 0.9142400042685503 -0.8509832323193132 -0.39015569920861604 0.3515765474066896 3.587038728548617
0.20020363214890732 -0.8483063636273638 -0.4901987546941611 -20.101062011428297 0.47789137742709015 -0.3522224566394245 0.8047106140841719 1.5026528389002964 -0.8553001444260506 -0.395367745862265 0.3348820814504215 3.8446140767793926
0.19902463553062216 -0.8474302487124137 -0.4921901746470787 -20.46888129213677 0.47477560877038766 -0.35598406335872307 0.8048996632819013 2.143411466190521 -0.8573081801596262 -0.3938747519222704 0.3314896137581959 4.119120002932624
0.18724843439556302 -0.8596738075386692 -0.4752883003487251 -20.83986216000939 0.4759267049627299 -0.34387063735470463 0.8094731349887938 2.795897433505506 -0.8593205428242298 -0.37777497190422404 0.34475248408536846 4.382836071896019
